158 4848 18 166 128 133 88 56 73 67 92 193 96 146 48 179 198 14 74 116 46 96 129 141 182 21 106 105 96 196 110 123 104 114 32 68 117 184 22 189 20 167 11 8 4 117 15 30 40 109 169 126 108 149 189 20 157 82 182 182 60 150 70 118 49 107 114 68 154 55 12 150 111 124 107 107 101 79 113 129 130 67 171 51 129 128 113 130 142 55 171 2 17 21 92 166 130 162 106 44 85 51 3 81 194 108 93 190 20 184 153 27 66 146 5 134 48 150 47 19 133 187 135 121 94 79 104 129 1 129 85 78 146 141 179 158 25 126 39 20 27 41 133 160 7 120 147 123 30 96 23 29 55 198 117 101 68 35 68 185
66 4260 75 149 18 114 12 79 13 153 189 24 45 98 86 191 75 6 128 3 32 196 2 136 137 5 81 76 70 14 147 170 100 111 77 89 39 125 7 142 37 100 93 75 124 189 106 130 22 161 182 26 167 43 67 23 145 199 76 132 81 113 148 138 183 188 18 94
156 8435 98 132 53 2 134 106 197 117 54 86 194 99 17 157 5 47 158 99 25 198 141 16 30 193 48 64 47 151 52 118 53 113 133 39 49 25 182 125 184 105 46 141 191 131 170 22 53 79 118 59 105 166 180 182 125 49 36 198 176 172 196 22 155 89 120 52 94 138 37 92 172 77 140 95 13 155 63 29 156 142 154 161 116 146 133 195 182 88 179 186 81 52 1 164 93 181 36 89 88 189 7 200 49 123 15 195 27 8 35 161 45 147 164 101 155 140 72 21 88 22 75 13 62 112 66 127 11 57 18 192 28 106 93 27 3 55 87 82 121 6 166 51 22 61 79 47 78 165 69 68 179 192 24 143 162 27
31 8299 191 106 189 48 97 4 109 100 99 72 107 170 91 124 93 116 126 79 48 174 49 157 19 175 17 134 187 197 120 60 186
9 9737 73 33 193 181 25 57 36 119 89
187 4350 61 169 154 82 118 46 51 57 71 100 105 174 169 63 143 22 90 3 116 22 184 88 134 3 86 74 112 187 186 130 27 108 43 162 5 97 167 170 153 190 89 162 24 12 189 45 23 166 68 147 32 169 9 111 119 157 36 165 146 127 15 106 147 75 109 199 70 140 78 144 117 170 56 177 32 143 25 130 138 15 96 139 92 54 16 139 96 157 199 29 164 156 121 102 19 15 144 66 4 106 154 136 30 132 99 195 139 91 78 15 10 105 41 180 48 164 40 149 89 80 99 145 20 40 74 166 82 193 27 107 62 22 146 32 115 127 66 167 177 14 59 115 171 104 178 31 148 36 100 148 183 154 124 121 67 180 68 187 133 73 54 87 40 104 69 64 85 66 77 180 34 124 173 134 139 65 79 189 192 72 7 40 174 59 4 199 136
189 7128 152 46 196 98 114 110 163 136 10 160 11 151 165 92 177 80 95 13 173 8 4 31 194 30 48 139 7 108 68 50 45 91 29 61 130 177 99 100 51 102 45 37 62 47 43 36 88 103 53 165 111 155 143 116 178 157 49 192 71 106 118 52 141 72 145 74 98 29 158 58 103 44 36 31 20 198 62 13 145 9 19 37 170 88 62 76 52 5 108 87 21 11 190 42 59 123 123 135 127 197 12 66 169 55 136 129 23 185 107 158 117 121 194 199 139 175 50 139 97 21 48 62 159 165 144 141 162 73 57 195 175 106 36 171 187 84 78 166 46 71 192 30 190 137 162 155 132 47 190 22 67 24 180 2 199 99 157 32 112 117 109 37 188 145 63 20 185 40 96 165 40 50 97 49 136 22 171 64 102 95 50 72 37 141 98 55 192 174 174
88 8711 158 131 87 114 94 198 170 161 44 199 30 21 102 90 150 9 164 89 11 192 177 70 111 94 128 38 17 103 153 46 174 130 195 4 102 186 112 139 69 99 20 175 86 9 81 59 32 144 47 50 20 85 17 119 74 95 122 147 154 101 38 32 10 166 127 54 91 16 196 107 36 102 50 39 151 17 112 159 1 137 165 94 148 26 167 10 176 118
82 9113 198 36 140 95 138 40 132 86 6 169 166 64 184 75 125 174 150 136 183 30 135 120 52 56 120 84 185 38 109 68 17 47 113 105 179 106 145 126 185 118 82 58 58 35 167 93 116 139 118 8 72 99 78 19 167 141 91 46 104 167 55 36 47 92 165 9 27 89 98 171 67 159 69 7 2 50 54 127 181 80 80 68
46 7604 58 149 12 55 30 44 86 37 174 4 180 114 196 41 189 197 158 41 110 136 175 37 40 90 72 91 6 30 131 23 91 105 78 14 128 148 68 107 143 186 30 64 191 136 18 154
61 8743 11 46 91 163 125 6 108 61 200 25 29 113 180 131 92 118 150 199 172 76 110 41 180 113 135 170 167 140 41 115 113 6 168 159 179 174 91 191 144 35 74 30 5 140 47 164 13 136 1 4 55 181 30 184 112 66 91 163 95 23 188
99 6148 85 78 1 178 193 157 115 24 70 183 19 143 45 182 66 11 54 84 93 3 11 157 18 85 133 106 88 162 185 152 109 194 2 98 18 141 114 109 159 60 21 34 86 108 169 30 103 198 100 166 64 192 28 113 198 188 26 179 164 171 45 56 165 28 136 76 141 42 3 7 36 77 52 147 127 174 53 71 144 185 130 88 189 25 2 88 103 119 77 138 148 199 197 197 83 83 4 122 105
47 6425 109 113 52 197 6 169 79 68 130 37 160 178 18 14 63 13 95 113 159 88 17 145 113 73 56 79 74 119 144 69 95 112 176 140 135 180 124 200 161 39 16 106 106 24 96 35 93
160 2709 164 94 181 191 65 91 118 193 154 183 185 80 76 3 132 153 81 41 186 166 183 139 34 188 116 70 113 36 74 28 185 57 160 166 158 25 110 13 129 159 58 164 128 80 118 121 19 115 117 137 41 148 28 52 128 11 172 158 179 29 134 174 119 82 142 91 115 89 47 19 5 111 196 100 171 193 127 108 165 61 146 10 70 32 193 106 92 19 183 56 95 183 31 56 134 179 10 35 33 189 101 144 145 64 141 64 115 51 151 121 167 19 195 109 75 178 38 115 96 66 132 171 187 3 102 63 4 190 153 139 121 72 155 80 179 113 109 51 130 56 1 18 167 105 151 138 110 162 91 169 37 63 23 76 175 143 200 35 165 196
135 2148 58 66 92 25 114 155 172 54 146 35 154 87 185 176 128 125 133 37 93 114 149 103 164 90 185 113 58 145 198 127 36 98 14 124 19 133 40 174 126 103 112 47 87 144 120 5 51 18 12 171 157 134 118 177 141 14 85 76 131 117 165 170 170 81 196 155 93 94 64 6 195 122 55 38 150 45 115 128 78 112 148 127 1 133 30 69 59 18 3 162 101 12 19 31 5 73 161 55 137 117 18 28 81 189 136 12 43 134 2 63 145 41 121 117 104 132 112 90 156 153 158 43 70 106 158 40 189 145 128 138 102 80 157 64 154
200 6296 121 14 187 6 125 30 96 22 178 86 135 75 70 123 182 29 28 13 180 4 41 81 161 91 83 99 64 69 103 35 42 112 11 18 77 164 92 132 106 75 43 83 23 185 18 5 41 191 129 60 38 82 178 93 85 167 112 188 157 58 105 110 8 178 179 63 121 143 124 175 169 199 81 132 79 76 90 16 122 11 84 67 31 100 140 172 97 5 107 60 58 124 113 47 161 182 75 167 2 35 150 4 20 194 137 144 145 71 198 150 53 154 137 150 145 116 122 73 107 106 105 124 147 174 7 21 25 58 30 164 15 162 180 20 89 55 125 126 157 153 143 130 169 46 100 89 12 85 199 90 18 129 1 84 116 28 86 117 131 11 78 97 188 89 25 156 191 192 160 30 46 21 170 192 96 29 142 88 71 192 103 78 120 9 68 185 92 89 23 59 109 169 143 42 185 2 70 199 7 12
111 9059 50 122 58 155 115 99 78 33 135 53 71 5 15 112 200 108 6 129 69 101 199 137 177 93 18 161 182 32 162 58 74 82 33 48 169 48 97 68 23 145 195 51 102 24 141 20 161 98 17 72 60 106 58 73 153 101 157 163 31 3 143 152 3 134 3 138 166 146 90 23 135 135 14 124 116 187 56 62 193 78 136 113 45 172 34 184 25 29 45 184 140 32 118 179 4 193 170 37 134 86 20 171 155 198 16 183 35 125 105 93 191
35 2171 154 47 29 188 120 29 15 79 122 48 42 146 98 142 186 56 71 82 101 39 174 20 171 100 143 165 37 170 159 89 57 60 99 95 199
85 8303 102 152 121 139 110 68 84 7 12 150 59 12 116 80 126 127 146 181 62 24 47 183 40 129 72 108 154 91 197 59 144 187 4 105 194 37 133 171 144 118 95 170 100 96 133 185 107 160 54 56 194 122 24 194 168 2 124 101 187 191 66 124 133 90 108 112 134 65 42 139 29 113 60 121 23 181 5 115 51 70 33 30 80 161 30
15 1098 198 164 125 171 91 118 125 97 63 152 28 192 62 156 122
137 1224 39 132 142 25 82 169 114 116 137 71 39 11 168 10 19 70 75 83 41 174 13 87 171 6 141 143 10 116 145 35 8 18 130 106 6 170 45 3 114 77 120 192 49 169 13 177 156 148 165 10 164 198 50 52 91 89 137 55 39 143 52 138 88 74 107 17 67 31 86 143 75 103 27 30 54 35 22 103 54 106 73 37 66 102 108 171 141 128 78 5 144 36 31 14 27 195 45 59 156 64 27 166 3 37 14 118 144 1 148 131 77 166 107 107 196 42 52 34 190 3 33 91 116 195 176 132 35 156 178 174 36 180 13 152 128 88 24
58 8932 162 6 199 77 62 182 146 18 172 175 89 160 131 52 188 131 172 54 51 67 11 98 155 85 147 166 179 83 118 183 52 168 171 156 109 72 80 196 76 183 131 65 183 128 193 144 187 168 91 115 66 88 179 174 198 163 56 146
131 3496 57 125 171 196 118 195 193 93 199 124 7 56 96 89 173 90 84 8 81 81 132 39 140 107 100 157 80 169 134 80 101 95 17 189 61 101 58 33 32 138 158 27 189 59 160 154 63 27 101 57 165 132 107 91 163 89 136 71 96 7 27 98 125 55 191 185 129 125 25 122 163 114 63 61 161 192 55 18 57 44 78 22 65 78 178 162 56 157 138 42 181 184 115 168 52 79 169 172 49 22 174 96 43 56 32 159 20 144 32 122 143 123 39 49 196 157 146 43 158 149 46 171 41 121 43 139 191 115 51 78 85
9 1693 93 49 149 158 25 116 16 35 67
1 4598 154
68 1667 143 103 105 98 178 57 196 87 43 6 59 69 151 89 174 21 19 78 48 137 39 197 98 172 165 187 98 63 77 84 49 13 177 144 74 22 168 159 177 194 15 115 38 94 166 154 3 199 97 157 197 56 7 198 139 47 54 81 159 24 2 197 2 182 43 187 47 28
63 4213 179 161 16 123 41 187 147 171 67 88 156 106 15 190 95 50 193 171 197 178 195 78 200 161 156 166 85 26 22 180 132 51 74 23 186 118 189 69 188 107 158 74 21 198 164 114 167 126 61 43 184 54 183 93 132 37 167 40 61 162 77 172 162
194 5635 32 79 95 46 188 187 158 5 145 129 24 172 3 83 60 61 133 192 114 112 73 118 175 60 168 148 113 103 132 105 46 101 114 34 32 174 166 198 127 45 88 138 77 112 80 161 151 49 148 36 108 162 26 24 197 164 177 125 178 136 76 193 178 56 58 31 10 182 188 131 9 132 113 66 20 115 17 178 67 10 12 25 40 10 23 7 189 131 21 149 35 63 126 158 136 127 188 114 140 65 171 49 32 52 186 88 174 177 182 193 112 136 46 109 85 27 192 169 56 35 141 156 92 141 59 180 126 1 142 148 180 130 16 41 59 66 117 162 103 183 49 11 179 20 175 83 191 149 39 91 150 131 189 160 113 28 163 189 32 69 143 186 122 157 77 183 174 179 2 166 192 136 27 89 146 57 138 197 52 74 117 13 170 99 44 6 28 138 46 156 183 83 134 31
162 6890 54 126 184 165 200 164 168 38 24 126 95 121 127 115 46 12 120 182 72 114 187 126 74 80 72 41 152 131 174 169 200 116 188 165 95 20 103 107 94 159 172 17 64 108 132 42 187 61 146 162 145 89 149 126 127 138 155 127 5 120 71 44 59 16 85 18 125 64 170 185 192 46 161 99 87 42 62 178 2 182 50 48 126 86 189 39 177 80 73 166 184 30 149 59 121 17 175 62 174 42 3 196 1 183 8 196 101 69 177 84 188 107 187 16 50 32 105 2 66 138 56 133 15 101 124 2 110 17 15 53 85 12 48 57 94 2 112 140 128 137 51 101 87 176 19 179 58 89 65 15 24 45 156 130 40 78 128 139 41 95 43 173
169 7481 20 104 65 76 8 145 33 131 165 200 65 184 191 135 54 186 148 157 29 59 5 149 37 169 100 72 130 1 79 65 168 149 138 63 152 47 104 122 176 105 187 88 20 146 59 22 97 1 188 109 135 82 191 172 13 113 12 176 83 31 7 48 112 187 46 58 61 175 139 98 155 191 44 101 179 77 41 50 186 156 74 115 5 197 44 113 119 141 166 89 94 29 54 35 68 102 164 77 40 20 195 2 71 72 171 156 93 94 80 128 10 30 130 157 145 92 23 80 175 5 126 80 85 35 9 179 151 140 90 16 158 68 50 165 103 23 168 137 14 87 12 61 108 113 111 16 53 199 103 102 63 89 184 24 43 70 138 106 58 82 145 88 150 62 153 39 130 18 79
132 9130 145 4 72 30 173 170 96 123 155 107 18 109 189 147 165 190 183 17 169 92 49 186 169 178 92 97 79 97 77 140 5 140 43 50 30 81 19 192 133 70 92 175 96 173 104 28 169 138 141 23 12 168 161 84 166 27 8 180 14 126 171 27 59 41 79 105 111 150 37 9 74 57 127 54 166 168 199 17 26 66 52 79 40 49 80 129 60 182 35 191 96 196 32 200 171 50 80 45 29 182 193 78 147 127 132 200 199 142 117 105 121 123 85 89 86 177 74 26 121 20 195 101 170 51 22 183 54 188 190 124 59 182
67 5278 78 120 135 51 128 149 159 133 1 49 184 49 114 174 73 80 2 121 185 130 181 182 104 36 133 165 74 43 191 87 95 118 11 115 131 133 178 2 51 51 67 189 113 121 200 28 65 18 190 143 90 137 122 136 18 192 100 78 189 129 110 84 70 60 38 86 116
81 3948 137 197 78 1 134 137 135 149 191 11 121 70 110 104 149 1 48 172 139 198 176 187 160 31 170 165 17 197 81 17 13 40 15 117 37 66 183 22 32 31 84 155 35 42 125 84 181 146 78 180 141 124 148 130 83 161 85 33 96 43 119 59 57 169 177 146 1 188 78 43 112 92 101 150 195 107 110 23 124 48 58
102 859 79 170 160 108 1 174 85 58 73 2 159 148 73 82 30 124 50 43 49 103 149 103 62 30 178 132 53 95 24 175 196 121 85 127 7 133 165 140 63 160 66 55 171 89 18 75 49 164 154 158 191 13 46 154 181 50 18 72 190 180 89 137 58 28 127 65 86 61 120 71 35 76 28 177 186 120 5 186 24 82 93 147 153 190 195 111 45 93 92 23 63 165 83 107 92 171 1 156 17 102 82 18
5 1264 83 5 185 169 99
176 6412 57 15 190 73 182 124 145 59 76 45 105 91 124 102 79 6 92 190 132 163 79 20 153 88 4 83 44 179 63 44 151 135 131 98 115 196 83 160 48 109 174 148 168 62 181 132 24 92 22 49 34 132 176 148 193 115 102 188 137 96 157 182 180 148 64 88 188 177 128 94 57 152 130 64 76 167 30 54 113 57 142 79 116 17 193 48 91 79 149 24 121 180 106 175 192 78 55 57 129 133 53 157 87 192 33 109 177 144 150 163 133 183 200 143 197 109 183 64 99 112 170 124 60 136 104 17 138 145 138 54 146 106 35 172 112 10 53 61 65 148 31 110 174 109 91 7 110 106 77 190 102 80 198 185 78 88 78 161 50 7 62 155 176 178 153 98 190 98 6 38 76 123 7 127 141 19
113 2874 116 33 75 41 24 110 110 180 28 167 169 129 103 13 16 102 38 128 38 101 22 59 44 122 54 123 89 115 102 140 195 65 175 16 55 6 76 81 68 18 184 100 195 7 34 121 123 86 151 170 159 104 150 45 146 153 161 171 90 97 189 181 158 18 48 190 195 58 136 53 158 145 35 12 99 82 40 200 72 10 130 125 81 27 59 123 150 52 96 186 45 166 163 38 39 85 51 4 149 64 47 8 1 126 134 93 120 85 126 112 66 103 136
139 4931 126 176 26 155 58 168 104 70 117 87 134 11 119 30 199 42 30 162 62 129 173 53 101 181 100 132 148 96 143 166 174 75 174 26 91 111 33 11 172 121 42 2 111 120 157 61 27 144 114 50 194 78 131 35 151 115 50 187 103 154 85 32 156 198 188 41 193 89 53 134 95 23 54 123 180 96 175 25 119 194 102 102 16 190 16 120 147 85 107 16 6 163 168 3 193 171 182 41 119 114 182 191 73 121 50 57 87 148 104 150 171 165 10 128 159 174 51 12 60 153 159 28 152 124 72 189 136 34 11 108 177 91 150 130 6 112 115 114 131
77 6805 195 138 153 98 155 34 91 115 135 94 83 91 91 87 162 39 16 150 7 27 41 72 56 162 196 86 61 15 43 91 186 73 76 131 154 149 41 30 161 57 148 130 147 191 142 136 64 40 154 86 4 180 70 200 50 195 99 181 195 70 108 191 164 32 96 96 49 138 135 149 82 14 19 25 182 23 75
177 3336 149 30 172 145 163 38 82 47 41 166 186 94 40 55 165 90 158 187 175 19 53 157 28 124 191 111 99 60 195 113 55 87 43 40 111 129 192 135 97 148 96 131 10 177 99 62 103 152 114 118 56 185 198 55 184 127 163 29 94 37 152 40 34 81 9 47 47 91 180 128 140 14 56 93 99 96 121 49 61 55 163 194 20 11 94 179 151 139 38 96 76 66 10 68 160 3 173 181 194 88 36 132 153 29 171 67 143 73 187 191 38 193 81 52 101 58 184 68 35 106 81 184 22 86 193 84 158 145 42 176 14 120 156 172 123 6 14 18 40 142 24 172 153 132 122 92 190 161 59 67 175 55 89 30 76 82 8 118 143 6 25 53 13 33 91 6 45 124 193 58 24 43 62 124 16 33 11
171 9016 148 40 184 39 138 128 113 30 104 54 196 114 69 20 145 146 51 25 25 26 180 131 109 50 119 28 89 85 28 22 179 1 123 163 40 17 55 193 10 142 164 11 154 148 40 54 79 41 117 60 188 81 197 56 122 194 101 73 188 115 6 54 184 158 114 189 103 81 48 52 178 109 120 46 147 103 109 125 181 77 127 43 118 87 102 95 136 101 106 134 68 34 48 156 37 128 30 13 41 42 192 14 48 119 111 58 51 59 34 190 59 23 136 90 3 137 61 195 183 30 182 39 107 148 4 50 78 26 46 50 56 165 77 176 52 79 179 141 9 15 44 179 106 67 16 154 1 82 105 166 61 58 72 18 159 85 19 55 24 179 170 44 189 6 77 162 95 12 34 5 132
128 8766 48 99 52 159 130 66 39 189 153 100 173 7 52 127 165 132 70 78 98 103 116 105 29 104 187 102 181 113 200 92 110 10 198 65 58 82 191 74 161 124 46 199 162 92 40 2 168 128 47 96 181 21 182 140 56 171 82 54 50 16 76 189 96 2 165 65 174 141 126 190 10 55 175 87 20 62 86 113 118 40 102 20 3 38 151 163 18 123 177 179 103 79 139 108 8 51 137 158 187 144 5 163 87 132 114 110 127 183 53 10 157 180 131 45 152 22 171 142 54 16 180 34 99 170 76 15 25 89
70 5859 65 81 7 86 80 40 33 172 189 60 92 186 118 109 151 136 60 51 56 43 73 135 189 144 112 55 165 24 139 21 124 60 137 38 184 6 193 153 4 29 173 158 112 161 182 117 27 156 107 30 62 40 62 26 79 120 118 130 173 98 3 112 66 157 37 200 105 134 102 21
92 1895 5 172 15 119 17 190 131 23 168 63 39 116 194 143 161 20 14 187 62 185 122 150 199 46 54 130 120 76 34 187 116 192 187 164 92 24 27 185 32 167 199 13 61 71 193 47 98 83 143 30 150 181 95 179 190 112 171 160 177 151 150 176 110 92 66 138 153 172 42 147 115 138 143 40 97 60 119 191 63 126 147 139 13 108 103 180 157 169 129 61 125 118
102 1204 52 28 144 194 177 163 63 15 80 146 177 13 25 2 155 12 15 170 126 160 159 1 185 81 131 51 16 155 101 162 132 184 147 165 183 154 134 25 120 130 20 131 162 47 64 178 159 41 131 10 127 4 148 54 191 92 17 128 197 167 22 98 109 47 121 90 136 44 127 7 91 122 73 40 180 142 117 158 75 130 38 23 22 154 70 51 65 159 80 54 66 186 195 189 120 6 49 109 37 7 105 33
103 1642 97 192 13 52 5 193 98 173 153 59 142 134 55 159 45 130 72 145 150 51 98 150 74 124 103 185 71 155 184 3 43 101 194 121 187 154 57 23 10 145 71 134 102 43 169 100 157 130 101 126 56 84 156 61 28 161 107 183 190 15 5 157 126 151 29 73 188 39 47 36 110 80 78 125 107 128 173 121 47 7 120 20 131 14 72 93 97 103 17 22 108 130 153 15 40 163 189 118 46 161 8 11 191
66 523 157 160 164 109 173 155 53 43 168 45 173 95 166 28 194 44 33 154 151 149 107 192 190 102 87 10 199 12 95 129 191 113 78 121 195 104 152 158 65 139 122 24 170 33 172 85 80 88 92 130 103 47 84 4 115 8 140 67 119 166 191 35 178 150 164 169
84 7517 120 73 85 169 43 8 49 33 160 186 44 80 101 53 166 24 176 6 48 176 173 15 166 146 132 93 194 190 130 57 120 158 158 148 22 68 181 99 76 27 13 96 44 14 45 185 58 19 190 77 164 98 53 14 130 111 181 94 11 63 19 21 104 158 136 1 25 108 185 196 1 121 50 40 100 61 144 145 124 79 48 140 80 95
168 6278 193 97 194 118 117 157 117 97 168 166 88 43 56 93 35 67 142 147 110 47 147 35 52 87 182 11 165 25 158 142 52 46 81 190 86 32 83 118 46 47 79 155 25 46 174 132 102 1 130 116 15 190 50 188 39 12 30 191 193 47 17 196 156 19 57 168 6 190 91 150 13 153 64 125 90 165 88 183 152 199 113 88 177 131 82 64 114 33 120 26 46 187 35 14 158 89 150 145 73 9 72 45 143 122 145 164 192 47 122 1 200 67 141 151 93 94 176 3 70 196 136 57 65 20 42 6 82 69 156 139 78 111 67 40 67 14 20 148 130 109 123 102 157 28 56 143 100 17 178 83 78 12 87 27 139 97 148 59 140 182 19 82 167 83 37 121 72 83
48 7608 176 2 13 133 112 15 90 6 134 14 176 195 165 100 48 129 74 24 138 8 33 66 195 163 168 68 133 60 82 9 178 46 191 141 125 17 87 123 169 31 43 26 37 140 172 61 163 144
